kinematics:
  shoulder:
    x: 0
    y: 0
    z: 0.1626542163363223
    roll: -0
    pitch: 0
    yaw: 5.830677545776418e-08
  upper_arm:
    x: 0.0001928906844687113
    y: 0
    z: 0
    roll: 1.571317758237722
    pitch: 0
    yaw: -4.675299579837245e-06
  forearm:
    x: -0.4251255794860673
    y: 0
    z: 0
    roll: 3.140918629906273
    pitch: -3.140594830883527
    yaw: -3.141587286211108
  wrist_1:
    x: -0.3921969035615442
    y: -0.001266130890451209
    z: 0.1336595899263521
    roll: 0.009472519117636486
    pitch: 0.0003179702135791385
    yaw: -1.263929694627681e-05
  wrist_2:
    x: -5.967841826196727e-05
    y: -0.0996290134418069
    z: 0.0001646282441508727
    roll: 1.569143915628445
    pitch: 0
    yaw: 2.705014607462886e-07
  wrist_3:
    x: 4.852923635127608e-05
    y: 0.09956300032329797
    z: 0.0001281118910831194
    roll: 1.572083068053818
    pitch: 3.141592653589793
    yaw: 3.141592618918302
  hash: calib_13638663268875006659